"Codice Provincia",Regione/Provincia,"Superficie totale (ettari)","Superficie totale (Km2)","Popolazione residente al Censimento 2011","Densità abitativa (abitanti per Km2)"
,Piemonte,2538706.91,25387.0691,4363916,171.895226771175
1,Torino,682700.14,6827.0014,2247780,329.248504328709
2,Vercelli,208163.57,2081.6357,176941,85.0009442094023
3,Novara,134028.35,1340.2835,365559,272.747519461368
4,Cuneo,689493.63,6894.9363,586378,85.0447305800345
5,Asti,151019.25,1510.1925,217573,144.069712967055
6,Alessandria,355882.68,3558.8268,427229,120.047707856982
96,Biella,91328.39,913.2839,182192,199.491089243991
103,Verbano-Cusio-Ossola,226090.9,2260.909,160264,70.8847636061424
,"Valle d'Aosta/Vallée d'Aoste",326089.81,3260.8981,126806,38.8868330476196
7,"Valle d'Aosta/Vallée d'Aoste",326089.81,3260.8981,126806,38.8868330476196
,Lombardia,2386365.14,23863.6514,9704151,406.649880914704
12,Varese,119811.25,1198.1125,871886,727.716303769471
13,Como,127903.77,1279.0377,586735,458.731591727124
14,Sondrio,319576.09,3195.7609,180814,56.5793266949352
15,Milano,157565.24,1575.6524,3038420,1928.35678732187
16,Bergamo,274593.6,2745.936,1086277,395.594434830237
17,Brescia,478562.44,4785.6244,1238044,258.700620132244
18,Pavia,296864.28,2968.6428,535822,180.493928067062
19,Cremona,177045.98,1770.4598,357623,201.994419754687
20,Mantova,234144.08,2341.4408,408336,174.395184366822
97,Lecco,81457.93,814.5793,336310,412.863425328878
98,Lodi,78299.12,782.9912,223755,285.769495238261
108,"Monza e della Brianza",40541.36,405.4136,840129,2072.27631238814
,"Trentino-Alto Adige/Südtirol",1360550.08,13605.5008,1029475,75.6660864699666
21,Bolzano/Bozen,739838.1,7398.381,504643,68.2099232250948
22,Trento,620711.98,6207.1198,524832,84.5532254750424
,Veneto,1840741.57,18407.4157,4857210,263.872456577378
23,Verona,309639.06,3096.3906,900542,290.836046330847
24,Vicenza,272252.79,2722.5279,859205,315.590888894105
25,Belluno,367226.24,3672.2624,210001,57.1857283401099
26,Treviso,247982.58,2479.8258,876790,353.569190222958
27,Venezia,247290.78,2472.9078,846962,342.49639230383
28,Padova,214415.11,2144.1511,921361,429.708988326429
29,Rovigo,181935.01,1819.3501,242349,133.206357588899
,"Friuli-Venezia Giulia",786230.24,7862.3024,1218985,155.041734339804
30,Udine,490724.13,4907.2413,535430,109.110183760477
31,Gorizia,46713.76,467.1376,140143,300.003681998623
32,Trieste,21250.68,212.5068,232601,1094.55791532318
93,Pordenone,227541.67,2275.4167,310811,136.595200342865
,Liguria,541621.35,5416.2135,1570694,289.998538646972
8,Imperia,115478.42,1154.7842,214502,185.750722948928
9,Savona,154628.57,1546.2857,281028,181.743904118107
10,Genova,183379.11,1833.7911,855834,466.702014204344
11,"La Spezia",88135.25,881.3525,219330,248.856161411013
,Emilia-Romagna,2245277.79,22452.7779,4342135,193.389656252735
33,Piacenza,258585.84,2585.8584,284616,110.066351661019
34,Parma,344748.17,3447.4817,427434,123.984414478545
35,"Reggio nell'Emilia",229125.67,2291.2567,517316,225.778281412118
36,Modena,268801.63,2688.0163,685777,255.123824955972
37,Bologna,370232.12,3702.3212,976243,263.684036922566
38,Ferrara,263512.44,2635.1244,353481,134.142054166399
39,Ravenna,185943.79,1859.4379,384761,206.923285795132
40,Forlì-Cesena,237839.97,2378.3997,390738,164.286095394311
99,Rimini,86488.16,864.8816,321769,372.038207310689
,Toscana,2298704.42,22987.0442,3672202,159.750943533662
45,Massa-Carrara,115467.62,1154.6762,199650,172.905616310443
46,Lucca,177322.21,1773.2221,388327,218.995127570314
47,Pistoia,96412.21,964.1221,287866,298.578364711275
48,Firenze,351369.27,3513.6927,973145,276.957913820978
49,Livorno,121371.43,1213.7143,335247,276.215745336444
50,Pisa,244472.14,2444.7214,411190,168.195034411692
51,Arezzo,323307.63,3233.0763,343676,106.299996693552
52,Siena,382098,3820.98,266621,69.7781720919764
53,Grosseto,450312.35,4503.1235,220564,48.9802245041692
100,Prato,36571.56,365.7156,245916,672.424145975725
,Umbria,846432.75,8464.3275,884268,104.469965274855
54,Perugia,633715.06,6337.1506,655844,103.491938474683
55,Terni,212717.69,2127.1769,228424,107.383640730585
,Marche,940137.55,9401.3755,1541319,163.94611618268
41,"Pesaro e Urbino",256777.67,2567.7767,362583,141.205035469011
42,Ancona,196321.79,1963.2179,473865,241.371576736337
43,Macerata,277934.41,2779.3441,319607,114.993677824923
44,"Ascoli Piceno",122826.96,1228.2696,210407,171.303596539392
109,Fermo,86276.72,862.7672,174857,202.669967054844
,Lazio,1723229.06,17232.2906,5502886,319.33572429425
56,Viterbo,361524.05,3615.2405,312864,86.5403007075186
57,Rieti,275052,2750.52,155164,56.4126056163925
58,Roma,536328.46,5363.2846,3997465,745.338966349091
59,Latina,225616.15,2256.1615,544732,241.441935783409
60,Frosinone,324708.4,3247.084,492661,151.72413155927
,Abruzzo,1083183.88,10831.8388,1307309,120.691327127209
66,L'Aquila,504754.81,5047.5481,298343,59.1065194604089
67,Teramo,195437.95,1954.3795,306349,156.750006843604
68,Pescara,123033.09,1230.3309,314661,255.753147384984
69,Chieti,259958.03,2599.5803,387956,149.237936600766
,Molise,446064.73,4460.6473,313660,70.3171488138056
70,Campobasso,292540.73,2925.4073,226419,77.3974277017768
94,Isernia,153524,1535.24,87241,56.8256428962247
,Campania,1367094.77,13670.9477,5766810,421.829570747315
61,Caserta,265135.04,2651.3504,904921,341.305698409384
62,Benevento,208043.83,2080.4383,284900,136.942297207276
63,Napoli,117893.34,1178.9334,3054956,2591.28802356435
64,Avellino,280606.77,2806.0677,429157,152.938933012913
65,Salerno,495415.79,4954.1579,1092876,220.597732664112
,Puglia,1954090.41,19540.9041,4052566,207.388868972547
71,Foggia,700753.57,7007.5357,626072,89.3426771982053
72,Bari,386287.92,3862.8792,1247303,322.894642938873
73,Taranto,246735.4,2467.354,584649,236.953837998115
74,Brindisi,186111.56,1861.1156,400801,215.355241770044
75,Lecce,279906.62,2799.0662,802018,286.530557941073
110,Barletta-Andria-Trani,154295.34,1542.9534,391723,253.878697827167
,Basilicata,1007332.26,10073.3226,578036,57.3828539949669
76,Potenza,659443.73,6594.4373,377935,57.3111825629156
77,Matera,347888.53,3478.8853,200101,57.5187115252118
,Calabria,1522190.21,15221.9021,1959050,128.699421867915
78,Cosenza,670975.01,6709.7501,714030,106.416779963236
79,Catanzaro,241545.13,2415.4513,359841,148.974645028033
80,"Reggio di Calabria",321037.39,3210.3739,550967,171.62081961855
101,Crotone,173568.48,1735.6848,170803,98.4066922750029
102,"Vibo Valentia",115064.2,1150.642,163409,142.015500911665
,Sicilia,2583238.79,25832.3879,5002904,193.667887744903
81,Trapani,246962.31,2469.6231,429917,174.082028954135
82,Palermo,500928.19,5009.2819,1243585,248.256142262626
83,Messina,326611.83,3266.1183,649824,198.959113024167
84,Agrigento,305258.97,3052.5897,446837,146.379646108352
85,Caltanissetta,213836.94,2138.3694,273099,127.713668180998
86,Enna,257470.43,2574.7043,173451,67.3673477765971
87,Catania,357368.21,3573.6821,1078766,301.864007433677
88,Ragusa,162388.55,1623.8855,307492,189.355715042717
89,Siracusa,212413.36,2124.1336,399933,188.280530000561
,Sardegna,2410002.09,24100.0209,1639362,68.0232605109483
90,Sassari,428590.9,4285.909,328043,76.5398892043671
91,Nuoro,393168.11,3931.6811,159197,40.4908221066047
92,Cagliari,457041.35,4570.4135,550580,120.466124126406
95,Oristano,303424.57,3034.2457,163916,54.0219930113108
104,Olbia-Tempio,340618.04,3406.1804,150501,44.1846826433503
105,Ogliastra,185454.68,1854.5468,57329,30.9126736515897
106,"Medio Campidano",151733.74,1517.3374,101256,66.7326858218877
107,Carbonia-Iglesias,149970.7,1499.707,128540,85.7100753680552
,,,,,
,Nord-ovest,5792783.21,57927.8321,15765567,272.158760797126
,Nord-est,6232799.68,62327.9968,11447805,183.670350207694
,Centro,5808503.78,58085.0378,11600675,199.718816400598
,Mezzogiorno,12373197.14,123731.9714,20619697,166.648092378168
,ITALIA,30207283.81,302072.8381,59433744,196.753022793545
